412337 25.513954162597656 
412337 24.60073709487915
824675 31.573561191558838
3396272 196.6470353603363
824675 34.738287687301636
824675 32.86867380142212
824675 26.065173387527466
824675 23.976261854171753
824675 24.823126316070557
824675 24.717713832855225
824675 24.78472924232483
824675 24.90246844291687
824675 26.049209356307983
412337 26.88447093963623
412337 31.05951952934265
240396 25.126999616622925
240396 24.6506986618042
1698136 148.51797819137573
1698136 149.07398653030396
412337 22.37056541442871
412337 22.387651205062866
412337 20.94410228729248
412337 21.12481141090393
240396 23.0328631401062
240396 22.952563762664795
1698136 128.5726089477539
1698136 129.25313758850098
412337 22.92735528945923
412337 22.79593515396118
240396 22.32582116127014
240396 22.30784559249878
1698136 119.02808117866516
1698136 121.73706269264221
240396 26.862062215805054
240396 26.435502290725708
412337 25.100867748260498
412337 25.113420486450195
240396 25.81870126724243
240396 25.424115896224976
1698136 145.24289059638977
1698136 145.6902687549591
824675 25.21285605430603
824675 26.422887325286865
480793 24.135051250457764
412337 24.005968809127808
412337 19.963165521621704
412337 21.02528738975525
412337 20.4986412525177
412337 22.609667778015137
412337 22.786447763442993
412337 21.630502939224243
412337 22.43553352355957
412337 22.399955987930298
412337 22.761307954788208
412337 21.083092212677002
412337 21.22228479385376
412337 31.261967658996582
412337 26.39516282081604
412337 29.449930429458618
412337 36.165555477142334
412337 26.382885456085205
412337 30.957749366760254
412337 28.7326180934906
412337 24.63112783432007
412337 24.39225673675537
412337 24.647090673446655
412337 25.575016260147095
412337 25.55991005897522
412337 26.117507219314575
412337 26.67639183998108
412337 26.32979989051819
412337 30.89083218574524
412337 28.526039123535156
412337 32.94180154800415
412337 27.15328335762024
412337 31.37572407722473
824675 25.762670040130615
824675 25.04868984222412
824675 26.543922424316406
824675 28.50421667098999
824675 28.992836475372314
824675 26.90388822555542
824675 28.36006188392639
824675 24.00719714164734
412337 21.675511360168457
412337 27.707636833190918
412337 20.61457896232605
412337 20.486473083496094
824675 24.764777898788452
824675 29.216840982437134
824675 25.154737949371338
824675 23.870901823043823
824675 35.400657653808594
480793 37.5558602809906
240396 24.624552726745605
240396 24.24101448059082
412337 33.82323980331421
412337 33.37663507461548
1698136 138.48037266731262
1698136 138.65155005455017
